121442521523256221414425222514922574644265755614434156552625255534956445723545345466555144254252425515151455221255457355656443425454341345566747521565155265522
234353252542242502413245255337635741559155111551335523533563434534226432144262433541
144444252413555142455355345122477547542445454524224425257242555422439215241422
334425432452257455555
44525453154442241452413355335
2255515223123564235265664622227441333522326356225549244222
21545242451215129422954442425442545324335255453455594443
7945572442455535372245534354455154515455
445254531544422514524135553353
3514555551135545229244133555542554552
2332244212132436247233123654254124259424942231542664612944264414492152346315422533241443522442724914529562356142434525252425225222435371322655553326439344522411521144366413524446522441445661322552454127425244225122523422
354575442251267456646
526744432544514644525235561364
14241192544154422541134224525745544152439253552531434545271434212444234412
342574435154373543535256454414244336555211
24514442222412554373757544555223554251234517452425725
355675542542267465655
655764532645614645526236661364
21544943124545343253922445749527225242533244255545545415342542394533535529414543253
2542445131591112545224591321232145231143245255553554391534435231542495275123715424139424523391512152241431334
25514451214922463333556365434435453551152754453651324325125235523595155312535261133456733925521533444422263
14257441125742325557272445552345532545155
91454341421324371435544122444445934441
22433445441252314414224514344442252424242244212525524244422425295354291124444434445244545532554314222552312425134447391291254524131242145174554143124422394532425125424533741424
25743514135929322454413294452575335935155523455447351241454231223351454729244225255225352357352555515555255512
4455942472255424534454575534545545522443491523554553454432552543973924435237512592517554445225
35755554535455445553395457533252433354554524555355225554435534533553552545542354543354525434534292592552423445245555142557542455445455245225534544425555545954531597537457533525225354224123243954533245534545455544445943553457544554144
74455554422515439759441343544554525445345259543554447142554514143535413172444222554522524454525942244355
4445271532535254724252327555514544453222525452
55557442572571445515443445145125451139753457139311253344
2151252254442175442523445553324322122137334445555224412245945232534512
21545242451215129422954442425442545324335255453455594443
255144512149224633335563654344354535511527544536513243251252355235951553125352611334567339255215334444222633
3554544525221355424525525535552142554353525555543552725257552575544939524447552
22343524412423421143545224531425513442122925445323249345244433214342241442412412444351414245224444324245525424921513242344532221314231124521225422425322444122419424433351342492412452414525212254244543242314554443435442424431441443442592492144224413444424452252153744454291414422555445455424354274143244234555451242494242241525
2524552545755554752445254225342553545333235342473442
244441522253425411222721411531512534941442215247592542513225121222553131524754241244449431414914521543455421324143114
545242451215129422954442425442545324335255453455594443
47555435222554342441244414233422124455495454545552332124451155555554454547144
55522425552219243443434249122235232513235315245555524255417239542242452455553154
44114145422251524494454144421424452423244957424
52422544454414253444232422424243445414444242722423242235
32432425531573422234535335562317314655542565534562225257542576543439464122352162223213133
455223442952314243545314114454442554133143423442443913214544424342412431432223242255414795434451451314431444142112392153214452
256363632675725312531626236642133233664516194922121232325554441522919342344552612914122512615322346611536529625235233222432531633139343266212316542125422265526223462944544255447553223692235461435216235232634317374224632646679232656121536135495632351372792537654241222926415941656253644626534936672571422525264562516635774236547265626445247576262549656746595129362525337662667445642945662264456442272232222226165554554532563125024735366262439636425262226669223166432623213561201166641625426191392224216320263532266961224326535612614106641626462333225512
313552455752442154342925425255952245524524
9374223252512532144235544232529552552535435245233424452545542553555234343527232124517
243542434251244923245746454322254245423344432531446333534555435562295345553541115934443221413513325445425329435252255323133124553239246246513413444462112255535323149942543755337456344612325312434245145342424522434215642313472322544333235271595533553554743427424244324994335912552245512675435924521523232121252561454554254225553264535215577574752332455324595344353553457552537425552524442227425153273332232224433312242632357225935722455232524615314441325649324133251554294453344443313435425391512235213219243542325961234234424655423137225544462435225442
4445553345755155133522425552524425242533324424241331442
243542434251244923245746454322254245423344432531446333534555435562295345553541115934443221413513325445425329435252255323133124553239246246513413444462112255535323149942543755347456344612325312434245145342424522434215642313472322544333235271595533553554743427424244324994335912552245512675435924521523232121252561454554254225553264535215577574752332455324595344353553457552537425552524442227425153273332232224433312242632357225935722455232524615314441325649324133251554294453344443313435425391512235213219243542325961234234424655423137225544462435225442
344539335242735542525733245253253214352953325555255543553534
4455942472255424534454575534545545522443491523554553454432552543973924435237512592517554445225
223152142325441451245425442754225945215512532441144511353132534475443352444235952552324322925214433915444254
4434235457524255443227452445555124423524
222375723544445225475295452554545514542425475
944441154442444942419554412244552424445511343524244144544144252314434554244129149425151734522142911242144254217
222522231521423254414512454254427542259452155125324411445113531325344754433524442359525523243229252144339154442544114
436555054729134545554223411922354354255552255254224522972431411212514136452423444395451125532635331593226555336595224223643531162521553263253421223434245435353434245345332412222452221531554275125443733632334555543543552622422332351345125311533622654545442273102245242525449244
65576453264561464552623
554521215322412423545722292555
6255254343523437342533315651543
2563636326757253125316262366421332336645161949221212323255544415229193423445526129141225126153223466115365296252352332224325316331393432662123165421254222655262234629445442554475532236922354614352162352326343173742246326466792326561215361354956323513727925376542412229264159416562536446265349366725714225252645625166357742365472656264452475762625496567465951293625253376626674456429456622644564422722322222261655545545325631250247353662624396364252622266692231664326232135612011666416254261913922242163202635322669612243265356126141066416264623332255126
1232114212223425424131455524149443443121152234422491252454
49534515524555575734522252525453513335515257945572442455535372245534354455154515455
354247552135542224453553552224755945145255554455432525755147554443925524255
125355454452522135542452552553555214255435352555554355272525755257554493952444755271
32514257441125742325557272445552345532545155457444455533457551551335224255525244252425333244242413314
4534515524555575734522252525453513335515257945572442455535372245534354455154515455545335522455523135554523514143233354
23447452451174525527114211759355522243221225519122552315225412414522319215445551155512444542
3235151241442245322442333412323455452
44311531523157425331246322422353556
445452212224242451443432334522545555
5131354242345422533144632244415355642
4354235114252429794532245291515435222525321372513514252421253543215525334217524195232144575745255355221272122424141555351555545245225322559594233754445754255392
55543422574442455245535342335555523554522432439455347424535
242474524241433155453424449434244255441
41432532144255242345943414525355423342241572151199441
1224954544342444275443412425543414312244414244422343424235544321445355524531299344
4755543522255434244124441423342212445549545454555233212445115555555445
52245253154551542945934231245445552453434244452244432711252252533525421342124194515544521155475924514242
9255321429244541244722535422325445355152112412145932424254492912374343444559221435422445554545452444439944525255514155324434325135144153444525545335122545234
322535544636254514756255573525424225226426526414612321666434323444625612532545453155341
1443224445324413543555423515454231274155254523253214552255225245154917454225345253443525575244914515755452252423452257547534535421541245542241545424551515137354
252455254575555475244525422534255354533323534247344
225551522312356423526566462225744133352232635622555924422
2124352542555752524542559254322557432452751512235422552423125253375925432455553155234
225424154154541414454444554444214244124159752257322
1425744112574232555727244555234553254515545214
237422122572557244435742435514125769612475363562624225345672331555533552443534355255343
434235457524255443227452445555924423524
924241242452413412242292444224424239151255571222244211414415545422212495314539424249422544414752244154341241155441222
2335542251545145454474542424147243544455423413294459
255444422222442241955352399914425424322242522242554753232423253925544125427545335312595452532
1121455594555952955442147525411542234415412435742124112452595312445442449541954252312255524429455427321513442245259424142442122472534232424214492424245312395241721444434122454924422344354443124445443124739221224952121243359241145444222745354331445242421417923242224253273435443252243435243541434214743442314422325444437424415459323521441424445415353425295324132974141734355144341243441414
11343235151241442245322442333412323455452
2563636326757253125316262366421332336645161949221212323255544415229193423445526129141225126153223466115365296252352332224325316331393432662123165421254222655262234629445442554475532236922354614352162352326343173742246326466792326561215361354956323513727925376542412229264159416562536446265349366725714225252645625166357742365472656264452475762625496567465951293625253376626674456429456622644564422722322222261655545545325631250247353662624396364252622266692231664326232135612011666416254261913922242163202635322669612243265356126141066416264623332255126
5252455254575555475244525422534255354533323534247344
45435433215444415512453294235553244445524234474343554415434243342542421435244374543545252244241342325524149
25332533414254914335251442552245554432529445237
44455942472255424534454575534545545522443491523554553454432552543973924435237512592517554445225
444244551142454452112523415215422444323
3425759252422552534255352453254224445425
1154441357449322552145244524255325455952224224425335534544544145144239721541225232545415275225452342
9244523425194321455742535144474444345245213552255932415545393942345223552559244435542555554515451114335944555154552145342575925242255253425535245325422444542444
9255321429244541244722535422325445355152112412145932424254492912374343444559221435422445554545452444439944525255514155324434325135144153444525545335122545234
3252524552545755554752445254225342553545333235342473442
924241242452413412242292444224424239151255571222244211414415545422212495314539424249422544414752244154341241155441222
24224413444424452252153744454291414422555445455424354274143244234555451242494242241525
12242292444224424239151255571222244211414415545422212495314539424249422544414752244154341
522334525573233249122392432553532554452452321924424231524222
254452443124352443422531543224427645143225455343312355225242341732951431
132432313414323144233322134125141135223244111512454442394432344445444225353112225432323352414243444435529525522942244992131123411
4242414423242443944443547222243424232512315122444213424492151234213342132344424532352544542144352541222225445141532155324542434923343753
42525424244444451432322254332321554513555222524341454291134424414144232424439444435472222434242325123151224442134244921512342133
243542575244255254323555244355334327542432322243646225542227234445525452444955222533523534323524234233235529942457425642425223543223543542533642467752234442543521545324175342304535353445552214522223255149534753323153435791735357543545323343237722452442455655251243225252342
933423544524431243524434225315432244276451432254553433123552252423417329514313363
33445441252314414224514344442252424242244212525524244422425295354291124444434445244545532554314222552312425134447391291254524131242145174554143124422394532425125424533741
2253254454221323492252325545434314569427523252
24454412523144142245143444422524242422442125255242444224252953542911244444344452445455325543142225523124251344473912912545241312421451745541431244223945324251254245337414
41534124114173412131141234251453254143122144131322279151125524344222223542132241544242721142444253932552344244444259132234522
42242314251544415142524125325543473242444353529452552244445455414125
244452715325352547242523275555145444532225254
4451525232626445524422151942242531229364272532342534532363352523321999295122266565229635
43134422353241212591514742442154444142342323245124492532151
524552545755554752445254225342553545333235342473442
55112225234443424555353454325334443553393244722414437445552442552422335123453422544222424225222325521355531344
955225424545421354422924535545552132245549424357533445225257452214554429941
95522542454542135442292453554555213224554942435753344522525745221455442994
5444749544472494424454374544421142195444441549144442417
443241223714523341222124142422411424511521244443355924912237443134422353241212591514742442154444142342323245124492532151
44324122371452334122212414242241142451152124444335592491223744
547351434431427441431213274245354555321223955434345232455444
4452545315444225145241355
23545155533425254515435554535357444712544445474353527254545135557454357453515455
5522425552219243443434249122235232513235315245555524255417239542242452455553154
93145435525754112554222445245345221375493524514554234423241525412755444292442224
445254531544422514524135553
43223945415742424222425445431232542524551
25944544125494424341134224551742445424414444123225532124424545122
5124452542774354524415552554455552541249435223
2354515553342525451543555453535744471254444547435352725454513555745435745351545524
441522253425411222721411531512534941442215247592542513225121222553131524754241244449431414914521543455421324143
4494312454534325392244574952722524253324425554554541534244239453353552944454325
55541427141315232232234729229325947233455241343255524242532394439431229555541242494
2523153453254453275242523555223221421221342555452245442451542334525
1653655654453514111365931354655342634322233534363555335524942333421223426256
5454252311552171324444422272954545421241433447244412515347542142234253451331454744224955442441221254424432455439241744443442525534455452479251221542259195575543252544224342259122555574434444477522251352315555574223533325255425245154415553532292553315794453534524143545543144443453152144245245954532254555423524445211314445122142143455455324134254414242152534233442744434431544324143729345215244455144123235241742122224513212122255114244131254415424315944442321743431252145255433725441523535931532552252422132454
44342542552441459434215542554223542514751545994
32524223755552215435593542545525514535455357
57441125742325557272445552345532545155457444455533457551551335224255525244252425333244242413314
444555334575515513352242555252442524253332442424133144
6255255332456436544532452362535352557
434254255244145943421554255422354251475154
9414121494512412524554425114253425344122455454144115532224244531491251514224529321415114114545414
244222144241424141451234114122544432224754324521174443211425944544125494424341134224551742445424414444123225532124424545122
4245253515134221195153344445722291154522232394522295352531421747425135442225454294223472534222255235222571554442235352332
1445234241215131252122315245942
4113542259434414275444459125552444142121445541
454445594247225542453445457553454554552244349152355455345443255254397392443523751259251755444522544
24424425142345542934435435521295252153535525524355512557452242445439955534345447252594452
3041525236191174554576293434653552135456536433352
3545241545125422539323543952422172154452242174342444552525522139544743151122559445524
2155522425552219243443434249122235232513235315245555524255417239542242452455553154454494512454534325392244574952722524253324425554554541534254239453353552941454325333222213357445231454224422342253475912733534423245535441445552435242429543352242955451124
524532355755255225425251536443552625422525342651722
554143714133523223223422912932524723245524434395552424443339443953242955554115
241531744452223324242251255474355111314551254
4453545522155555427453552552395945535354455522353539245175252444557451341111554171451434455432535457425944225552
5545744445553345755155133522425552524425242533324424241331442
535257544422252251434143541455
412443423515225414124171444254535115512715154125245512
3415511454225245114954425342422594214125454421744445252
5554142725133223333255472912932525753245524234395552424444339443353222955554445
24345425442555553515435555252433224352952335545543553543444
21321544442423151525751255542244554542423192245444114345453742442591542215744954555522495942432455552134223
224234445445544245412444414342142455431312924554453512122255249434241443224
2244444442423455742592552432445527424421925455513153254535235454344422225539544453152559424224554554451444
91222432425525247771221142555722474424427551354239542155935571352524254222124315954432444344232442145
54534545255372533122225552552551345311574
5524444594214294943424544452553941514422571222145422292245424555542292431744215525945254
2435254255575252454255925432255743245275151223
12235422552423125253375925432455553155234
35354521235243237445332544554543441259995559434547243215111254535215244513347423542144
443524524525342355534425525545552242253552514355554342225257452594424429454142141412317455
4145445433236519566533252442542553962244224233525441226424357144427573343
74139259219124243414144324225523237952434434125344554545344239139129544223422217411125553337423555214134574555754
4275415443494252357222435424343214443396432223414622494445554522441433523445445453494446524415
5224323134143231442333221341251411352232441115124544423944323444454442253531122254323233524142434444355295255229422449921311234113
312434141444414494122347759544195
9332215635242351422142523657435342412234
244444442423455742592552432445527424421925455513153254535235454344422221539544453152559424224554554451444
4255255343445447354542115552554
944559424722554245344545755345455455222434915234545534544325525439739244352375125925175544452254
5555455911442333342223345512542757534223535
45445455331225525949235332254534152533524737242524355955542
3212255494542255412442544343225545544321254351492431414224534
4244455242527555423524147555224254225212245415244
525245525457555547524452542253425535453332353424734
5124452542774354522415552554455552
6266266114646347465632216662664
3254255343416527355535315652554
91144523424121513125212231524594231225
2525245525457555547524452542253425535453332353424734
2232499347653595733336559521323
1224229244422442423915125557122224421141441554542221249531453942424942254441475224415434124
412554232142222473442744422122444551215224321124125174149232244445415341241141734121311412342514532541431221441313222791511255244
119223441251234422445293579445442445454341242445243424442545714142
253144542454714279523513411242442221145551434245254555225251415245134529495435422212212434252
5155325253554555574552525572553541255
12222122445712215252942226275263114262412465523123254662143554445612259594533547153242446644257445
92543132413447221431314354211154444244433355514451531291434555412554232142222473442744422122444551215224321124125174149232244445415341241141734121311412342514532541431221441313222791511255243442222235421322415442427211424442539325523442444442591322345224
522444451114251342114224233134714442143
3135214555544225544522421121414
423435325254224220451324525533763574155915511155133552353356343453422643214426243354127
55155435575513552524755551539531552
367161293546691622552216522432422266135625122135375575564335
125322535544636254514756255573525424225226426526414612321666434323444625612532545453155341222
6634452412753652255261354257564125565225222394633211261665297524265436135236552224556254536539566392535436
532342534532363352523321999295122266565229635
5267444325445146445252355
252515554242145131522351142521942944135253275314724343444552434244539554455224195544432523
5554142725133223333255472912932525753245524234395552424444339443353222955554445
55522425552219243443434249122235232513235315245555524255417239542242452455553154
15554242145131522351142521942944135253275314724343444552434244539554455224195544432523
42424144232424439444435472222434242325123151224442134244921512342133
56363632675725312531626236642133233664516194922121232325554441522919342344552612914122512615322346611536529625235233222432531633139343266212316542125422265526223462944544255447553223692235461435216235232634317374224632646679232656121536135495632351372792537654241222926415941652253644626534936672571432525264562516635774236547265626445247576262549656746595129362525337662667445642945662264456442272232222226165554554532563125024735366262439636425262226669223166432623213561201166641625426191392224216320263532266961224326535612614106641626462333225512631
51562455923354554311292446721644443944553525643544
252642332442336122151362142251634223243149344126
11597342219234959221222735712121444412444245444413124942244291444594224551119432542453212434114741121
744112574232555727244555234553254515545744445553345755155133522425552524425242533324424241331442
43542351142524297945322452915154352225253213725135142524212535432155253342175241952321445757452553552
2234352441242342114354522453142551344212292544532324934524443321434224144241241244435141424522444432424552542492151324234453222131423112452122542242532244412241942443335134249241245241452521225424454324231455444343544242443144144344259249214422441344442445225215374445429141442255544545542435427414324423455545241244434
545445252213554245255255355521425543535255555435527252575525755449395244471111
37635454244322365232243256255323142376414422445334342234421412234442292423
93342354452443124352443422531543224427645143225455343312355225242341732951431336
2245253154551542945934231245445552453431244452244432711252252533525421342124194515544521155475924514242
2245253154551542945934231245445552453434244452244432711252252533525421342124194515544521155475924514242
31341554512542442345351242454441444572433121249444224475442244712231444234145741233433
934535432557444412455425242524112457524422424242222212225
43544355665325552443421653314593222226132534332212524323430953144344557422159323254647232
54452443124352443422531543224427645143225455343312355225242341732951431
2125535452355523155534557514355542242241555354523443435534212555455155
524521442256432112536152521212232432433292222434343420945242425557512959323255193
55163421361134553254432525715453434345325641542553224232932443251415532545234624455142292643124545441443455441253423
4135744932255214524452425532545595222422442533553454454414514423972154122523254541527522545234
53554544525221355424525525535552142554353525555543552725257552575444939524447552713
2555555359545235723452552475624555309252033554466359145545552754433555374555554355555253511
57645326456146455262366
5342334536225553455134344735245734443545413524442425156153554347292334452542452444355755523645352455431224525753753444552533515445645151351455525271255139343454
2551445121492246333355636543443545355115275445365132432512523552359515531253526113345673392552153344442226332
54445354352592155414445357455
2249439154242531145172541353155
44442155262413444261541225223442424551453553443222224173792336365744
214935245725125224234274395554441154542239227444
31315934345224223342254445752293422333524225535554522525555525421245444145275235152433552551432245335225525551512554542455355574412513355555555431555252235245155235147
92255515223123594235265664622257441333522326356225551244222
715532566651462521335556422225244673934245494461244224321534533521
94143424244233544495361432543345353545535452520244121411343245443540535412533434944454244434
2141445424474455112153455241294915434254455422251419115275222421443142422223554224143133255334335347124931525452
52123725153434445545253712311244293342244442419554
5245541444321411433244454734744155412543495445344455534441
4322444532441354355542351545423127415525452325321455225522524515491745422534525344352557524491451575545225242345225754753453542154124554224
3752424354553544432955244554514545553625346946921314
75445514145355413554514325557447351331554525552151575543545732557545933551455525355442235454325455445575553135224457
2524452444179157247194234222524445955132275514324152522455233577445514545753424225244143241
2515554242145131522351142521942944135253275314724343444552434244539554455224195544432523
25244524441791572471942342225244459551322755143241
21154423255322412122421141555322
23544311142257754242394495245443431324545544454544242455241541115523225532252272222137232222224415452424274545345455195425295444924754135443791523154233522445534125944222542453544953351394354544112574325454455714125144251344449723244453392442251444324452412152242332734527442115445242239443212492551274544144242441242475415242233222429422422723242424412415444152345121254435254524332524922532514252354541343755552431534355524427234445445742
5445752324474272444544951535244245222225551444544552235435255534522524242
222253357435459252225513152325912
312534435359524514924445351322524244342425114141524242255347515434242414554123441443252344535414455427125442541342
95344544525344545314246424366334553452544152132115145524325245455241533439314154335446
41534124114173412131141234251453254143122144131322279151125524344222223542132241544242721142444253932552344244444259132234522
4553159531514445453534357351449413224442143242524245
2111545414223442555525359555254522754414514354524154512542253932354395242217215445224217434244455252552213954474315112255944552424
55515223123564235265664622257441333522326356225559244222
925225445445133235445545345315133444343515221494595534594541524243344455235443945444455471375324422522132554222725133
344445442315412542522324445523444452212342432224541431312542434524432212242255424144912345943245325543143224151243432114434557512245222444534215752423355444431444
521444243442274424292441444451244445434
23534524135222544324112535142472443932252424543514544129344422
7444455533457551551335224255525244252425333244242413314
22512524425555939559442315552555524555212254531442247349529535232335443124134242535245544457455924514352
932453544345423355411445924157444254594413294242249554524454
44551352555412523343555441513534542544312935245331531342551312455345349522345954
325252455254575555475244525422534255354533323534247344
24124555554424544455222325455115425244242
42574424715522255453532243145
14432552355554523454345425592255259144344552354515553342525451543555453535744471254
94444115444244494241955441224455242444551134352424414454414425231443455424412914942515173452214291124214425421745
12252552355454242554244244275352425545
522444451114251342114224233134714442
3239122525523554542425542442442753524255455522
319475455544442532524545353245544542312254312392522547232754732255
22555152231235642352656646222574413335223263562255592442
4544525221355424525525535552142554353525555543552725257552575544939524447
14242433144442424442472414524242424524254454424244215253343
2343532525422422045132452553376357415591551115513355235335634345342264321442624335412
53451552455557573452225252545351333551525794
545242451215129422954442425442545324335255453455594443243
23254253242155554395294323554445545335553125441114524473444255335435454433442342225545924332554553924254252
51434424442254422234425524451322444253414575523543725143541424411229514212451912224542295525244
2121214221592113233344212543555465222254224391232432114625352262525429221214543324236941434222117244442437152436464345256221222954232312665556233492344422521171544225212624323442252245662332414252224466592413251223122227421122
12352421744142123435225544152552325221222552244214342441131322322735513125412259525239234522243453543
522512524425555939559442315552555524555212254531442247349529535232335443124134242535245544457455924514352
25252455254575555475244525422534255354533323534247344
2525245525457555547524452542253425535453332353424734
44455533457551551335224255525244252425333244242413314
21112526572522543265151135532352253142455252345446977347213552134545272461555427574595144533344713411365712542443313123366629515542255751544142322333515244554725552444435523773535365435924945252745532661453551436324549243533312534526535554714354534322343747253513964235355255391554
45355143632454924353331253452653555471435453432234374725351396423535525539
1444434321254945215449433121455249411549134442
44419144422235732544431245293344474432542472413553543454432275222974294251217425924445274452344
245254555225251415245134529495435422212212434252544217255315392224521159154441142424935531
325252455254575555475244525422534255354533323534247344
2112222244334536522345432552352253355433426455265421444324595214725352157535122954215942532593564225277597635172595645133123
215552242555221924344343424912223523251323531524555552425541723954224245245555315445449451245453432539224457495272252425332442555455454153425423945335355294145432533
25422495154545544954434571444144422252447422115
3257254521452442172235552544343555253555357452244271355944525124511234525254555
312211251114124429274252542492244253531222449244753447442443355393215
22222135553225557335525535549142573424225244241155444355423225337155325455524
2212113341541245554531534243522414254225214525543943559251114543255255334535752455225122554444952575
222221335454312155344345424251427135554555255439457452512516222275333433313212
1211122235245322555544525223355454214242144229445354952552524423225294525522235152522
515274542554255422752451525515315542514234134257552235437494555535544314591724
45414223442555525359555254522754414514354524154512542253932354395242217215445224217434244455252552213954474315112255944552
341149222452222755511427141332232432234729129324942242154242343255524242532394539431229555543142434112
715215632426636229725526592556534276737559442514725445444217
21272122424141555351555545245225322559594233754445754255392
942412742544522571553214334395525459255492542432424212554312355524555153351122543343342254514454592453242554255345945
5335514524252591345447433494541421234336239453642254
522334525573233249122392432553532554452452321924424231524222524522
5252455254575555475244525422534255354533323534247344
4135242174414212343522554415255232522122255224421434244113132232273551312541225952523923452224345354
924444454724442412444444242224149424444144341414124242454413424421254444452245445129441457344423144424
42551943527445225744554525545252555455923522542354475944259225235525551442525151224545154215115525945553514452441514557423424551414523353424343214144253441
3415545125424423453512424544414445724331212494442244754422447122314442341457412334332
14941329444341424434214414443143
341554512542442345351242454441444572433121249444224475442244712231444234145741233433
253255455545954523572345254357552455542925223345245535914555554275444255537455554435555425241
3522555555359545235723452552475624555309252033554466359145545552754433555374555554355555253511
22334223527445724524239211452334552524543545543455247559245271255944535325447243342253544255457752224537297
524552545755554752445254225342553545333235342473
25422535325525555522352942252227514511521355554222515535194522121525745143753252521337345255322544353225522355745539355312255347142421524455
124313551455551422554452242
2224224334454412523144142245143444422524242422442125255242444224252953542911244444344452445455325
5215232562214144222225149225746442657556144341565526252555349564457235453464665
4234227757224143342235449422745442557555124744555525252455349544425335425552544
325443394425522214545452244251712195412344515215342494245142522422524554535212422114545514245592525423255495432122245554524514245921444245445441544555542544113153535534324527424149241557425134451535344324552554354273553355445255545324453513155557592445525575455455512273557523555554354322519422514532541343545521435534514124752125324521444531235442251445232344312414421252441125525114312531432552544155751272959245523427242555453425114455944212352275255344534255224
545414223442555525359555254522754414514354524154512542253932354395242217215445224217434244455252552213954474315112255944552
26744432544514644525235561364
211154211122427433574355412424514535411241557555924474129932445475224244
9534454452534454531424642436633455345254415213211514552432524545524153343931415433544
947555435222554342441244414233422124455495454545552332124451155555554454547144
524134122422924442244242391512555712222442114144155454222124953145394242494225444147522441543412
2313034535913453244255439215411524333954424242591437594144232551142256445444171222
542111224274335743554124245145354112415575559244741299324
949344354334514572242593345534423595444442433532249452252242554
225431341554512542442345351242454441444572433121249444224475442244712231444234145741233433221114443231
25232539344352321416955413545213141935122716555211431323955414423345935544223
437223422241472447242424742444514225759522474351542434325345572342445445557554514155154575
23742212257255724443574243551412576961247536356262422534567233155553355244353435525534322777
31545554444253252454535324554454231225431239252254723275
942424422545354442441231541444211249515524425291334555315245354742141
23751224247254714451575254551422575952447535354253523514557244255554555245453435525445522777
245465436256212342331236143235347543625676159636255632563635744334517225252322663
24254942424251352432222125759247534252352253422114444551534141113955134224155544237414
34134257552235437494555535544314591724
35744523145422442234225347591273353452324553244144555243524242954335224295545112452
1311145355754554572315444443431255925443595523535925255554347
124445523745422233211954425541452914425322442595452223524145452593521444423423522424242444321434145511442349149423
142214224445523555424444353435122412554342444514352141422274154215
221255555554522522545545232753557295455594554554513221232555955355244
3233352313552444451421421494342454445255394151442257122214542229224542455554229243174421552594525425
2222255422545544449529721244342415552411291425324235292143
2222255422545544449529721244342415552411291425324235292143
247455354457534539524445523555255555545352243254145255554355774452435555
49244444442245512544245293523552124544242412522149595444252557425444344455552142552425354
249242214322445573333149224153534544532595252232312924524232425
21454445143249324535443454233554112459241574442545944132942422495545244544
414143243443944444347522234424242512312124354411422394243334523342133343424532352544542144352543222225445141532155324542434923343753
25442491244233212444543323445445231422214244514512921255252141414324344394444434752223442424251231212435441142239424333452
11437223422241472447242424742444514225759522474351542434325345572342445445557554514155154575
2454424114313444521414434451543451423244235259243541274
37524253555555545129552455555254554515244459459243445
5353555525252242445455525135125255553525331352525744523
722725415575352552242525432437343444454541441125321543245
544525221355424525525535552142554353525555543552725257552575544939
5524144154432455244144355154223374424224244442442154211475744245454423923414445252445254155525422245455
324424445325424447542215551455594525215213212451545554542224
5531435124225529213539553452444425145234225442414542544444
547555435222554342241244414233422124455495454545552332124451155555554454547
4524134122422924442244242391512555712222442114144155454222124953145394242494225444147522441543412411554412
4524134122422924442244242391512555712222442114144155454222124953145394242494225444147522441543412411554412225
652454415525649132532223535525556641712344522111343247452543956455355765
321275525512157152222144474252444454422
1414159466224511232146234444265242429661264224213555749212624624562445122542534526143232239564221242245522145375122454532
252455254575555475244525422534255354533323534247344
412254224444444242345574259255243244552742442192545551315325453523545434442222553954445315255942422455455445
75554142725133223333255472912932525753245524234395552424444339443353222955554445
433451457224259334553442359544444243353224945225224
7441125742325557272445552345532545155457444455533457551551335224255525244252425333244242413314
93454452252413714955342114415515334433353994432475794554423
43245422525154243391493423524444452225753925215214423471142242223233535412459212131544445414141535931525252
34525454441525429759432353424454424525225259423551347312519535423415412251444121544552423444524921224255
42915154745535114245954124424551492245525442253445452254433444544
431544557224259435555553459555154224443535954355225
243344544125231441422451434444225242424224421252552424442242529535429112444443444524454553255431422255231242513444739129125452413124214517455414312442239453242512542453374142
3144436123221364531463333345224543524525234152563524461231559435419112433243444524453543255532323243211252613535739429534452413024223517455414312442239453243512542453374142
44455942472255424534454575534545545522443491523554553454432552543973924435237512592517554445225
43442222235421322415442427211424442539325523442444442591322345224
92543132413447221431314354211154444244433355514451531291434555
2522442444144291515474553511424595412442455149224552544225344545225443344454
434525454441525429759432353424454424525225259423551347312519535423415412251444121544552423444524921224255
55444422222442241955352399914425424322242522242554753232423253925544125427545335312595452
21131134452445555255555147454245344525553752441445452445425522555455451535425352545451455545
1925322442973424244354593212124357121114444151442454544122249422442922445942245511234275541222
947555435222554342441244414233422124455495454545552332124451155555554454547144
14442414121413444112421124744422224192445424142341412145231427535441245132111944252441414241227
72345214212214142251143443554434255232542253155411451224224415412724523444445414144542543125422424244
43345145722425933455344235954444424335322494522522
524134122422924442244242391512555712222442114144155454222124953145394242494225444147522441543412
2144241425424459341212559224212493434
333524542343334361242625412533533554595342935322444325523532523475764523422055131596254
3524542343334361242625412533533554595342935322444325523532523475764523422055131596254
34535432557444412455425242524112457524422424242222212225231
35414134459252259225421442554221353544324422524215541524759532125225114433432223342134144452251592
22545343142144492227523241445441542513535553344545141345445214495323153247245114313113414324244431455123
525245525457555547524452542253425535453332353424734422
31121111444572453549444541354274555523222555525435455535225544432535141455255342472522142
4454135427455552322255552543545553522554443253514145525534247
22532552424324191533454594375515154593942425223442
444444521131444512214214345545532413425441424215253423344274443443154432414372934521524445514412323524174212222451321212225511424413125441542431594444232174343125214525543372544152353593153255225
92354515553342525451543555453535744471254
11545414223442555525359555254522754414514354524154512542253932354395242217215445224217434244455252552213954474315112255944552
2515532525355455557455252557255354125553
342334536225553455134344735245734443545113524442425156153554347292334452542452444355755523645352455431224525753753444552533515445645151351455525271255139343454
4444452524134551412453553552224255595252422754454552575255225455223955442745
925442443959222225515453412412551435445524351125591242512219194235421244255924153555555555454445254423495454554152424532257391513424414444453554442542374744
122422924442244242391512555712222442114144155454222124953145394242494225444147522441543412411554412
442973422192349592212227357121214444124442454444131249422442914445942245511194325424532124
219315395555445445454214543352955442455455442171
22223251547333332922534251254342455614435234296343573152
5114355554145125455234255519144452293223224121421442415233342221345534245443525324332
39244244414429151547455351142459541244245514922455254422534454522544334445444
34122422924442244242391512555712222442114144155454222124953145394242494225444147522441543412411554412
4213414125441414441534412124224424912414345411444544132444121145544
23954452443124352443422531543224427645143225455343312355225242341732951431
5421554552142255253212444342959352332463455125444441234142414522532312335521339233491444334211423333911524251
1491224229244422442423915125557122224421141441554542221249531453942424942254441475224415434124
431444361232213645314633333452245435245252341525635244612315594354191124332434445244535432
2433445441252314414224514344442252424242244212525524244422425295354291124444434445244545532
4224334454412523144142245143444422524242422442125255242444224252953542911244444344452445455325543142425523124251344473912912545241312421451745541431244223945324251254245337414245934425141129443413534729447325254513424355344444524343712295421535329554234352
74234227757224143342235449422745442557555124744555525252455349544425335425552544
941345354325574444124554252425241124575244224242422222
225422444444424234557425925524324455274244219254555131532545352354543444222255395444531525594242245545544514
7554143714133523223223422912932524723245524434395552424443339443153242955554115
52524552545755554752445254225342553545333235342473
252345525349532935342432334952244425425231535527143529442424445737199254752
4524245121512942295444242544254532433525545345559444
244244414429151547455351142459541244245514922455254422534454522544334445444
3325149445551235455422221523545544913445472523555525475233747413274254534255244554141445542554534
23144297342219234959221222735712121444412444245444413124942244291444594224551119432542453212434114741
2324323134143231442333221341251411352232441115124544423944323444454442253531122254323233524142434444355295255229422449921311234112
24445211314445122142143455455324134254414242152534233442744434431544324143729345215244455144123235241742122224513212122255114244131254415424315944442321743431252145255433725441523535931532552252
544455942472255424534454575534545545522443491523554553454432552543973924435237512592517554445225
75295554445544355424543352255251455545442433354
544455942472255424534454575534545545522443491523554553454432552543973924435237512592517554445225
12555555545225225455452327535572954555945545545132212325559553552444
12137473292341422549552244243421545124241441244425444241454221412544231427
545414223442555525359555254522754414514354524154512542253932354395242217215445224217434244455252552213954474315112255944552
22315214232544145124542544275422594521551253244114451135313253447544335
235551545524524244345952524254
12555555545225225455452327535572954555945545545132212325559553552
2592254554523275355729545559455455451322123255595535524
22957252553252925533555255523552255954575153712
549424242523552322221257492475342521532234492144445515341544139553942241455444324
155522425552219243443434249122235232513235315245555524255417239542242452455553154
452455414443214114332444547347441554125434954453444555344414
255144512149224633335563654344354535511527544536513243251252355235951553125352611334567339255215334444222633
341224229244422442423915125557122224421141441554542221249531453942424942254441475224415434124115
734555222554125232522954531574551524235135555512445531442142
73455522255412523252295453157455152423513555551244553144214233
24314443612322136453146333334522454352452523415256352446123155943541911243324344452445354325553232324321125261353573942953445241302422351745541431244223945324351254245337414245933424252239453413624729577335256513424356344444524343612395521535339544233153
1122314429734221923495922122273571212144441244424544441312494224429144459422455111943254245321243411411
24149122422924442244242391512555712222442114144155454222124953145394242494225444147522441543412411
444434525242535255135454445255427432511252325554253595554455455454552455535455315455325422
44455942472255424534454575534545545522443491523554553454432552543973924435237512592517554445225
23254253242155554395294323554445545335553125441114524473444255335435454433442342225545924332554553924254252
5362544526254551255535744322563
2563636326757253125316262366421332336645161949221212323255544415229193423445526129141225126153223466115365296252352332224325316331393432662123165421254222655262234629445442554475532236922354614352162352326343173742246326466792326561215361354956323513727925376542412229264159416562536446265349366725714225252645625166357742365472656264452475762625496567465951293625253376626674456429456622644564422722322222261655545545325631250247353662624396364252622266692231664326232135612011666416254261913922242163202635322669612243265356126141066416264623332255126
2134141254414144415344121242244249124143454114445441324441211455
244444442423455742592552432445527424421925455513153254535235454344422221539544453152559424224554554451
22544341252515445414144245135535541359522242495422412774
444559424722554245344545755345455455224434915235545534544325525439739244352375125925175544452254
14944555123545542222152354554491344547252355552547523374741327425453425524455414144554255453
913942552441524444411144345434435542353334242594422532521
3525513545444525542743251125232555425359555445545545455245553545531545532542243
2255515223123564235265664622257441333522326356225559244
4553124514561365253432554741735223245342555525247444154573254741492245215455515544223416432545655554474333522645723
443432125494521544943312145524941154913444
941345354325574444124554252425241124575244224242422222122
1222212244571221525294222627526311426241246552312325466214355444561225959453354715324244664425
45241341224229244422442423915125557122224421141441554542221249531453942424942254441475224415434124115544
6935315224423352564353741291422333524225536554422525545426131236414144275134252233453551423216235625524562532454542154444523242512345345655433555251435346756335141413745222234212355272533222545552454351534554524445963447535522632356245314426143323425256433343355125633961653232
26935315224423352564353741291422333524225536554422525545426131236414144275134252233453551423216235625524562532454542154444523242512345345655433555251435346756335141413745222234212355272533222545552454351534554524445963447535522632356245314426143323425256433343355125633961653232
414555551252255143234545253959442352554555237555959244143414774422322234433359224592554557734535433944424352
1354225943441427544445912555244414212144554
549424242513524322221257592475342523522534221144445515341411139551342241555442374143
453543255744441245542524252411245752442242424222221
33724242442521545454425415914472245155492315
57430434752235744262525552154522545326
45552534742325457325525149324421544551
425225542234442552534443335132547442
255521515755435457325575459335514555253
257441125742325557272445552345532545155
5744445553345755155133522425552524425242533324424241331442
12352425454242543435125514452552345524122552241142722242252421735521145555425451522551455411255454
351513422119515334444572229115452223239452229535253142174742513544222545429422347253422225523522257155444223535233245447
532554555459545235723452543575524555429252233452455359145555542754442555374555544355554252412
1427541544249445234221241441544422444239543212341442149444455452244144452341444545349444542441
21212352425454242543435125514452552345524122552241142722242252421735521145555425451522551455411255454
52345525349532935342432334952244425425231535527143529442424445737199254
2112223542255242312525337592543245555315523433
4444555334575515513352242555252442524253332442424133144244
44521131444512214214345545532413425441424215253423344274443443154432414372934521524445514412323524174212222451321212225511424413125441542431594444232174343125214525543372544152353593153255225
925442443959222225515253412412551435445524351125591242512219194235421244255924153555555555454445254423495454554152424532257391513424414444253554442542374
554122321551451221144543944944122542439543151275212595174512452453514213554342543942325353241273445114455551
11354225943441427544445912555244414212144554132
55744257257144551544344514512545113975345713931
2225332533414254914335251442552245554432529445237
554452314552232143412275729427435352534115254423425525224254239553144545244454215
5142425545543742321954424355441144224754923521444243442274424292441444451244445434134135553521325422541543745524314545441
42544524421244422124224425542244275451422244544443124552252414417229544214354414
342442444144291515474553511424595412442455149224552544225344545225443344454
12357375242535445554453295422454451443545245455495413
127425445225715532143343955254592554925424324242125543123555245551533511225433433422545144545924532425542553459459753
541255423214222247344274442212244455121522432112412517414923224444541534124114173412131141234251453254143122144131322279151125524344222223542132241544242721142444253932552344244444259132234522
275224444511142513421142242331347144421
4524425514525534234535435452342442454412445524551224247551475542229244422351143221113
24244255215744122345355355523474545545425555345522152575525755414394542213524522232131
414555551252255143234545253959442352554555237555959244143414774422322234433359224592554557734535433944424352
22555555459545235723452552475624654419252133554466359145545552754442555374455544345555253311532
934535432557444412455425242524112457524422424242222212
32544944124545343253922445749527225242533244255545545415342542394533535529414543253
2245253154551542945934231245445552453434244452244432711252252533525421342124194515544521155475924514242
34525454441525429759432353424454424525225259423551347312519535423415412251444121544552423444524921224255
199542341532412217343539239
1215125225444217544252344555332432212213733444555522441224494523253451
55452312545555329529442132544445112455342542333542347412525427422445443351534242415432235544543942244342
2222232535553575527455443553223373942333544757192541
2223152142325441451245425442754225945215512532441144511353132534475443352444235952552324322925214433915444254411
23325255644453341643544422253353741445459355455463123223351595532522511541222
973422192349592212227357121214444124442454444131249422442914445942245511194325424532124
242312224594544115251351424123421545254172557551242244421441214124754445174521
1124345523451445122492245334354535549412545355115475445355252432522523351559514431253425143943572492442141444442225242
543414213243214355441224414459344412
32254242424944122544441114424452443441332134434259243442454
521514252215224522124353574545734539372525125355444445974124441223554334513542424155242155435944354352
